4 4
0 0 0 C 0 0 0 0 0 0 0 0 E 3 0 1 
0 0 0 0 0 0 0 0 0 0 0 0 0 0 0 0 
0 0 0 0 0 0 0 0 0 0 0 0 0 0 0 0 
0 0 0 0 F 0 0 0 0 0 0 0 0 0 6 0 
0 C 0 9 0 0 0 0 0 0 0 0 0 0 0 0 
0 0 0 0 0 0 0 0 0 0 0 0 0 0 0 0 
0 0 0 A 0 0 0 0 0 0 0 0 0 0 0 0 
0 0 0 0 0 0 0 0 0 0 0 A 0 0 0 0 
0 0 0 0 0 0 0 0 0 0 0 0 0 0 8 0 
0 0 0 0 0 0 0 0 0 0 0 0 0 5 0 0 
0 1 A 0 5 0 0 0 0 0 0 4 0 0 0 0 
0 0 0 0 0 0 0 0 0 0 0 0 0 0 0 0 
0 0 0 0 0 3 0 0 0 0 4 0 0 0 0 0 
0 0 0 0 0 0 0 0 0 0 0 C 0 0 0 0 
0 0 0 0 0 0 7 0 0 0 0 0 0 0 0 0 
0 0 0 0 0 0 0 0 0 0 0 0 0 0 0 0 
